313123311311212311233223313233123
000000040004444040040444400000000
000000404004004040440404400000000
000004444404444044040040400000000
000004000404000040040400400000000
122122212232321222322211312231223
333212231222123112112222132323233
323212131132222221113123132113233
331322122332122132123112231323222
000000400404000404004004000000000
000000404004004404004004000000000
000000440004040404004004000000000
000000444004400404004004000000000
000000400404000404444444000000000
321121233231323122313222133322321
233233231123121211332212223321331
311123312331211221133211233233321
332123311233113113213132331311332
000004444044444044440444440000000
000004000040004040040400000000000
000004000044444040040400000000000
000004000040000040040444440000000
000004000040000040040400040000000
000004000040000044440444440000000
232321223211313221212123233231121
233322332213111132313212233333233
333232321311333333333212221222212
213112223213311213331133131233123
311213333213221223123222133212323
121121333113313113211133232322331
322131121211311331323211312313333
311332321131111323212222311233223
123313132131313133233111222111231
231331231311333131133221132331121
331132113231222211222233212322313
113323323221312131313232332212322
112112131311333212333111132232213
132232231111312313122322123311112
123333323122311133213332232121132
113122321123221132233213222322232
113323111233231223121333222333323
212121112223123121133321221222132
112332213322132232331322223212331
212221332122333113231211312122122
121113333233321322233122323233232
132113331331123132333111111211121
333211213112333211113121211231111
222333331133122233123321122331333
221132331111232321133311323222231
111122132111122123211233323333322
123111122113311222112332213223111
222113233111112123232322212332233
312221233233313313222321231312313
113222212132231311322213312312322
322332313233133323211332333211222
213322331212333121121221132131122
111111322121211323212211123122311
221112321111333211121222332231131
332113333233231232322313313122232
123332123131312331232132213212332
123333321133233221133113312111221
331232112333332311131332132213121
